44.00
43.00
44.00
45.00
50.00
54.00
56.00
62.00
64.00
70.00
72.00
78.00
80.00
86.00
88.00
92.00
94.00
100.00
102.00
108.00
109.00
114.00
116.00
122.00
124.00
130.00
132.00
138.00
140.00
146.00
147.00
153.00
155.00
161.00
163.00
169.00
171.00
177.00
179.00
184.00
186.00
192.00
194.00
200.00
202.00
208.00
210.00
216.00
217.00
223.00
225.00
231.00
233.00
239.00
241.00
247.00
249.00
254.00
256.00
262.00
264.00
270.00
272.00
278.00
280.00
286.00
287.00
293.00
295.00
301.00
303.00
309.00
311.00
317.00
319.00
324.00
326.00
44.00
43.00
44.00
45.00
50.00
54.00
56.00
62.00
64.00
70.00
72.00
78.00
80.00
86.00
88.00
92.00
94.00
100.00
102.00
108.00
109.00
114.00
116.00
122.00
124.00
130.00
132.00
138.00
140.00
146.00
147.00
153.00
155.00
161.00
163.00
169.00
171.00
177.00
179.00
184.00
186.00
192.00
194.00
200.00
202.00
208.00
210.00
216.00
217.00
223.00
225.00
231.00
233.00
239.00
241.00
247.00
249.00
254.00
256.00
262.00
264.00
270.00
272.00
278.00
280.00
286.00
287.00
293.00
295.00
301.00
303.00
309.00
311.00
317.00
319.00
324.00
326.00
44.00
43.00
44.00
45.00
50.00
54.00
56.00
62.00
64.00
70.00
72.00
78.00
80.00
86.00
88.00
92.00
94.00
100.00
102.00
108.00
109.00
114.00
116.00
122.00
124.00
130.00
132.00
138.00
140.00
146.00
147.00
153.00
155.00
161.00
163.00
169.00
171.00
177.00
179.00
184.00
186.00
192.00
194.00
200.00
202.00
208.00
210.00
216.00
217.00
223.00
225.00
231.00
233.00
239.00
241.00
247.00
249.00
254.00
256.00
262.00
264.00
270.00
272.00
278.00
280.00
286.00
287.00
293.00
295.00
301.00
303.00
309.00
311.00
317.00
319.00
324.00
326.00
44.00
43.00
44.00
45.00
50.00
54.00
56.00
62.00
64.00
70.00
72.00
78.00
80.00
86.00
88.00
92.00
94.00
100.00
102.00
108.00
109.00
114.00
116.00
122.00
124.00
130.00
132.00
138.00
140.00
146.00
147.00
153.00
155.00
161.00
163.00
169.00
171.00
177.00
179.00
184.00
186.00
192.00
194.00
200.00
202.00
208.00
210.00
216.00
217.00
223.00
225.00
231.00
233.00
239.00
241.00
247.00
249.00
254.00
256.00
262.00
264.00
270.00
272.00
278.00
280.00
286.00
287.00
293.00
295.00
301.00
303.00
309.00
311.00
317.00
319.00
324.00
326.00
44.00
43.00
44.00
45.00
50.00
54.00
56.00
62.00
64.00
70.00
72.00
78.00
80.00
86.00
88.00
92.00
94.00
100.00
102.00
108.00
109.00
114.00
116.00
122.00
124.00
130.00
132.00
138.00
140.00
146.00
147.00
153.00
155.00
161.00
163.00
169.00
171.00
177.00
179.00
184.00
186.00
192.00
194.00
200.00
202.00
208.00
210.00
216.00
217.00
223.00
225.00
231.00
233.00
239.00
241.00
247.00
249.00
254.00
256.00
262.00
264.00
270.00
272.00
278.00
280.00
286.00
287.00
293.00
295.00
301.00
303.00
309.00
311.00
317.00
319.00
324.00
326.00
44.00
43.00
44.00
45.00
50.00
54.00
56.00
62.00
64.00
70.00
72.00
78.00
80.00
86.00
88.00
92.00
94.00
100.00
102.00
108.00
109.00
114.00
116.00
122.00
124.00
130.00
132.00
138.00
140.00
146.00
147.00
153.00
155.00
161.00
163.00
169.00
171.00
177.00
179.00
184.00
186.00
192.00
194.00
200.00
202.00
208.00
210.00
216.00
217.00
223.00
225.00
231.00
233.00
239.00
241.00
247.00
249.00
254.00
256.00
262.00
264.00
270.00
272.00
278.00
280.00
286.00
287.00
293.00
295.00
301.00
303.00
309.00
311.00
317.00
319.00
324.00
326.00
44.00
43.00
44.00
45.00
50.00
54.00
56.00
62.00
64.00
70.00
72.00
78.00
80.00
86.00
88.00
92.00
94.00
100.00
102.00
108.00
109.00
114.00
116.00
122.00
124.00
130.00
132.00
138.00
140.00
146.00
147.00
153.00
155.00
161.00
163.00
169.00
171.00
177.00
179.00
184.00
186.00
192.00
194.00
200.00
202.00
208.00
210.00
216.00
217.00
223.00
225.00
231.00
233.00
239.00
241.00
247.00
249.00
254.00
256.00
262.00
264.00
270.00
272.00
278.00
280.00
286.00
287.00
293.00
295.00
301.00
303.00
309.00
311.00
317.00
319.00
324.00
326.00
44.00
43.00
44.00
45.00
50.00
54.00
56.00
62.00
64.00
70.00
72.00
78.00
80.00
86.00
88.00
92.00
94.00
100.00
102.00
108.00
109.00
114.00
116.00
122.00
124.00
130.00
132.00
138.00
140.00
146.00
147.00
153.00
155.00
161.00
163.00
169.00
171.00
177.00
179.00
184.00
186.00
192.00
194.00
200.00
202.00
208.00
210.00
216.00
217.00
223.00
225.00
231.00
233.00
239.00
241.00
247.00
249.00
254.00
256.00
262.00
264.00
270.00
272.00
278.00
280.00
286.00
287.00
293.00
295.00
301.00
303.00
309.00
311.00
317.00
319.00
324.00
326.00
44.00
43.00
44.00
45.00
50.00
54.00
56.00
62.00
64.00
70.00
72.00
78.00
80.00
86.00
88.00
92.00
94.00
100.00
102.00
108.00
109.00
114.00
116.00
122.00
124.00
130.00
132.00
138.00
140.00
146.00
147.00
153.00
155.00
161.00
163.00
169.00
171.00
177.00
179.00
184.00
186.00
192.00
194.00
200.00
202.00
208.00
210.00
216.00
217.00
223.00
225.00
231.00
233.00
239.00
241.00
247.00
249.00
254.00
256.00
262.00
264.00
270.00
272.00
278.00
280.00
286.00
287.00
293.00
295.00
301.00
303.00
309.00
311.00
317.00
319.00
324.00
326.00
44.00
43.00
44.00
45.00
50.00
54.00
56.00
62.00
64.00
70.00
72.00
78.00
80.00
86.00
88.00
92.00
94.00
100.00
102.00
108.00
109.00
114.00
116.00
122.00
124.00
130.00
132.00
138.00
140.00
146.00
147.00
153.00
155.00
161.00
163.00
169.00
171.00
177.00
179.00
184.00
186.00
192.00
194.00
200.00
202.00
208.00
210.00
216.00
217.00
223.00
225.00
231.00
233.00
239.00
241.00
247.00
249.00
254.00
256.00
262.00
264.00
270.00
272.00
278.00
280.00
286.00
287.00
293.00
295.00
301.00
303.00
309.00
311.00
317.00
319.00
324.00
326.00
44.00
43.00
44.00
45.00
50.00
54.00
56.00
62.00
64.00
70.00
72.00
78.00
80.00
86.00
88.00
92.00
94.00
100.00
102.00
108.00
109.00
114.00
116.00
122.00
124.00
130.00
132.00
138.00
140.00
146.00
147.00
153.00
155.00
161.00
163.00
169.00
171.00
177.00
179.00
184.00
186.00
192.00
194.00
200.00
202.00
208.00
210.00
216.00
217.00
223.00
225.00
231.00
233.00
239.00
241.00
247.00
249.00
254.00
256.00
262.00
264.00
270.00
272.00
278.00
280.00
286.00
287.00
293.00
295.00
301.00
303.00
309.00
311.00
317.00
319.00
324.00
326.00
44.00
43.00
44.00
45.00
50.00
54.00
56.00
62.00
64.00
70.00
72.00
78.00
80.00
86.00
88.00
92.00
94.00
100.00
102.00
108.00
109.00
114.00
116.00
122.00
124.00
130.00
132.00
138.00
140.00
146.00
147.00
153.00
155.00
161.00
163.00
169.00
171.00
177.00
179.00
184.00
186.00
192.00
194.00
200.00
202.00
208.00
210.00
216.00
217.00
223.00
225.00
231.00
233.00
239.00
241.00
247.00
249.00
254.00
256.00
262.00
264.00
270.00
272.00
278.00
280.00
286.00
287.00
293.00
295.00
301.00
303.00
309.00
311.00
317.00
319.00
324.00
326.00
44.00
43.00
44.00
45.00
50.00
54.00
56.00
62.00
64.00
70.00
72.00
78.00
80.00
86.00
88.00
92.00
94.00
100.00
102.00
108.00
109.00
114.00
116.00
122.00
124.00
130.00
132.00
138.00
140.00
146.00
147.00
153.00
155.00
161.00
163.00
169.00
171.00
177.00
179.00
184.00
186.00
192.00
194.00
200.00
202.00
208.00
210.00
216.00
217.00
223.00
225.00
231.00
233.00
239.00
241.00
247.00
249.00
254.00
256.00
262.00
264.00
270.00
272.00
278.00
280.00
286.00
287.00
293.00
295.00
301.00
303.00
309.00
311.00
317.00
319.00
324.00
326.00
44.00
43.00
44.00
45.00
50.00
54.00
56.00
62.00
64.00
70.00
72.00
78.00
80.00
86.00
88.00
92.00
94.00
100.00
102.00
108.00
109.00
114.00
116.00
122.00
124.00
130.00
132.00
138.00
140.00
146.00
147.00
153.00
155.00
161.00
163.00
169.00
171.00
177.00
179.00
184.00
186.00
192.00
194.00
200.00
202.00
208.00
210.00
216.00
217.00
223.00
225.00
231.00
233.00
239.00
241.00
247.00
249.00
254.00
256.00
262.00
264.00
270.00
272.00
278.00
280.00
286.00
287.00
293.00
295.00
301.00
303.00
309.00
311.00
317.00
319.00
324.00
326.00
44.00
43.00
44.00
45.00
50.00
54.00
56.00
62.00
64.00
70.00
72.00
78.00
80.00
86.00
88.00
92.00
94.00
100.00
102.00
108.00
109.00
114.00
116.00
122.00
124.00
130.00
132.00
138.00
140.00
146.00
147.00
153.00
155.00
161.00
163.00
169.00
171.00
177.00
179.00
184.00
186.00
192.00
194.00
200.00
202.00
208.00
210.00
216.00
217.00
223.00
225.00
231.00
233.00
239.00
241.00
247.00
249.00
254.00
256.00
262.00
264.00
270.00
272.00
278.00
280.00
286.00
287.00
293.00
295.00
301.00
303.00
309.00
311.00
317.00
319.00
324.00
326.00
