44.00
48.00
50.00
50.00
52.00
58.00
60.00
66.00
68.00
74.00
76.00
82.00
84.00
90.00
91.00
97.00
99.00
105.00
107.00
113.00
115.00
119.00
119.00
125.00
127.00
133.00
133.00
139.00
141.00
147.00
147.00
153.00
155.00
161.00
161.00
167.00
169.00
175.00
175.00
181.00
183.00
189.00
189.00
195.00
197.00
203.00
203.00
209.00
211.00
217.00
217.00
223.00
225.00
231.00
231.00
237.00
239.00
245.00
245.00
251.00
253.00
259.00
259.00
265.00
267.00
273.00
273.00
279.00
281.00
287.00
287.00
293.00
295.00
301.00
301.00
307.00
309.00
307.00
304.00
