45.00
43.00
43.00
53.00
54.00
60.00
62.00
68.00
70.00
76.00
78.00
84.00
86.00
92.00
91.00
96.00
97.00
103.00
103.00
109.00
110.00
116.00
118.00
124.00
126.00
132.00
133.00
139.00
141.00
147.00
149.00
155.00
157.00
163.00
165.00
170.00
172.00
178.00
180.00
186.00
188.00
194.00
196.00
202.00
203.00
209.00
211.00
217.00
219.00
225.00
227.00
233.00
235.00
240.00
242.00
248.00
250.00
256.00
258.00
264.00
266.00
272.00
273.00
279.00
281.00
287.00
289.00
295.00
297.00
303.00
305.00
310.00
312.00
318.00
320.00
45.00
43.00
43.00
53.00
54.00
60.00
62.00
68.00
70.00
76.00
78.00
84.00
86.00
92.00
91.00
96.00
97.00
103.00
103.00
109.00
110.00
116.00
118.00
124.00
126.00
132.00
133.00
139.00
141.00
147.00
149.00
155.00
157.00
163.00
165.00
170.00
172.00
178.00
180.00
186.00
188.00
194.00
196.00
202.00
203.00
209.00
211.00
217.00
219.00
225.00
227.00
233.00
235.00
240.00
242.00
248.00
250.00
256.00
258.00
264.00
266.00
272.00
273.00
279.00
281.00
287.00
289.00
295.00
297.00
303.00
305.00
310.00
312.00
318.00
320.00
45.00
43.00
43.00
53.00
54.00
60.00
62.00
68.00
70.00
76.00
78.00
84.00
86.00
92.00
91.00
96.00
97.00
103.00
103.00
109.00
110.00
116.00
118.00
124.00
126.00
132.00
133.00
139.00
141.00
147.00
149.00
155.00
157.00
163.00
165.00
170.00
172.00
178.00
180.00
186.00
188.00
194.00
196.00
202.00
203.00
209.00
211.00
217.00
219.00
225.00
227.00
233.00
235.00
240.00
242.00
248.00
250.00
256.00
258.00
264.00
266.00
272.00
273.00
279.00
281.00
287.00
289.00
295.00
297.00
303.00
305.00
310.00
312.00
318.00
320.00
45.00
43.00
43.00
53.00
54.00
60.00
62.00
68.00
70.00
76.00
78.00
84.00
86.00
92.00
91.00
96.00
97.00
103.00
103.00
109.00
110.00
116.00
118.00
124.00
126.00
132.00
133.00
139.00
141.00
147.00
149.00
155.00
157.00
163.00
165.00
170.00
172.00
178.00
180.00
186.00
188.00
194.00
196.00
202.00
203.00
209.00
211.00
217.00
219.00
225.00
227.00
233.00
235.00
240.00
242.00
248.00
250.00
256.00
258.00
264.00
266.00
272.00
273.00
279.00
281.00
287.00
289.00
295.00
297.00
303.00
305.00
310.00
312.00
318.00
320.00
45.00
43.00
43.00
53.00
54.00
60.00
62.00
68.00
70.00
76.00
78.00
84.00
86.00
92.00
91.00
96.00
97.00
103.00
103.00
109.00
110.00
116.00
118.00
124.00
126.00
132.00
133.00
139.00
141.00
147.00
149.00
155.00
157.00
163.00
165.00
170.00
172.00
178.00
180.00
186.00
188.00
194.00
196.00
202.00
203.00
209.00
211.00
217.00
219.00
225.00
227.00
233.00
235.00
240.00
242.00
248.00
250.00
256.00
258.00
264.00
266.00
272.00
273.00
279.00
281.00
287.00
289.00
295.00
297.00
303.00
305.00
310.00
312.00
318.00
320.00
45.00
43.00
43.00
53.00
54.00
60.00
62.00
68.00
70.00
76.00
78.00
84.00
86.00
92.00
91.00
96.00
97.00
103.00
103.00
109.00
110.00
116.00
118.00
124.00
126.00
132.00
133.00
139.00
141.00
147.00
149.00
155.00
157.00
163.00
165.00
170.00
172.00
178.00
180.00
186.00
188.00
194.00
196.00
202.00
203.00
209.00
211.00
217.00
219.00
225.00
227.00
233.00
235.00
240.00
242.00
248.00
250.00
256.00
258.00
264.00
266.00
272.00
273.00
279.00
281.00
287.00
289.00
295.00
297.00
303.00
305.00
310.00
312.00
318.00
320.00
45.00
43.00
43.00
53.00
54.00
60.00
62.00
68.00
70.00
76.00
78.00
84.00
86.00
92.00
91.00
96.00
97.00
103.00
103.00
109.00
110.00
116.00
118.00
124.00
126.00
132.00
133.00
139.00
141.00
147.00
149.00
155.00
157.00
163.00
165.00
170.00
172.00
178.00
180.00
186.00
188.00
194.00
196.00
202.00
203.00
209.00
211.00
217.00
219.00
225.00
227.00
233.00
235.00
240.00
242.00
248.00
250.00
256.00
258.00
264.00
266.00
272.00
273.00
279.00
281.00
287.00
289.00
295.00
297.00
303.00
305.00
310.00
312.00
318.00
320.00
45.00
43.00
43.00
53.00
54.00
60.00
62.00
68.00
70.00
76.00
78.00
84.00
86.00
92.00
91.00
96.00
97.00
103.00
103.00
109.00
110.00
116.00
118.00
124.00
126.00
132.00
133.00
139.00
141.00
147.00
149.00
155.00
157.00
163.00
165.00
170.00
172.00
178.00
180.00
186.00
188.00
194.00
196.00
202.00
203.00
209.00
211.00
217.00
219.00
225.00
227.00
233.00
235.00
240.00
242.00
248.00
250.00
256.00
258.00
264.00
266.00
272.00
273.00
279.00
281.00
287.00
289.00
295.00
297.00
303.00
305.00
310.00
312.00
318.00
320.00
45.00
43.00
43.00
53.00
54.00
60.00
62.00
68.00
70.00
76.00
78.00
84.00
86.00
92.00
91.00
96.00
97.00
103.00
103.00
109.00
110.00
116.00
118.00
124.00
126.00
132.00
133.00
139.00
141.00
147.00
149.00
155.00
157.00
163.00
165.00
170.00
172.00
178.00
180.00
186.00
188.00
194.00
196.00
202.00
203.00
209.00
211.00
217.00
219.00
225.00
227.00
233.00
235.00
240.00
242.00
248.00
250.00
256.00
258.00
264.00
266.00
272.00
273.00
279.00
281.00
287.00
289.00
295.00
297.00
303.00
305.00
310.00
312.00
318.00
320.00
45.00
43.00
43.00
53.00
54.00
60.00
62.00
68.00
70.00
76.00
78.00
84.00
86.00
92.00
91.00
96.00
97.00
103.00
103.00
109.00
110.00
116.00
118.00
124.00
126.00
132.00
133.00
139.00
141.00
147.00
149.00
155.00
157.00
163.00
165.00
170.00
172.00
178.00
180.00
186.00
188.00
194.00
196.00
202.00
203.00
209.00
211.00
217.00
219.00
225.00
227.00
233.00
235.00
240.00
242.00
248.00
250.00
256.00
258.00
264.00
266.00
272.00
273.00
279.00
281.00
287.00
289.00
295.00
297.00
303.00
305.00
310.00
312.00
318.00
320.00
45.00
43.00
43.00
53.00
54.00
60.00
62.00
68.00
70.00
76.00
78.00
84.00
86.00
92.00
91.00
96.00
97.00
103.00
103.00
109.00
110.00
116.00
118.00
124.00
126.00
132.00
133.00
139.00
141.00
147.00
149.00
155.00
157.00
163.00
165.00
170.00
172.00
178.00
180.00
186.00
188.00
194.00
196.00
202.00
203.00
209.00
211.00
217.00
219.00
225.00
227.00
233.00
235.00
240.00
242.00
248.00
250.00
256.00
258.00
264.00
266.00
272.00
273.00
279.00
281.00
287.00
289.00
295.00
297.00
303.00
305.00
310.00
312.00
318.00
320.00
45.00
43.00
43.00
53.00
54.00
60.00
62.00
68.00
70.00
76.00
78.00
84.00
86.00
92.00
91.00
96.00
97.00
103.00
103.00
109.00
110.00
116.00
118.00
124.00
126.00
132.00
133.00
139.00
141.00
147.00
149.00
155.00
157.00
163.00
165.00
170.00
172.00
178.00
180.00
186.00
188.00
194.00
196.00
202.00
203.00
209.00
211.00
217.00
219.00
225.00
227.00
233.00
235.00
240.00
242.00
248.00
250.00
256.00
258.00
264.00
266.00
272.00
273.00
279.00
281.00
287.00
289.00
295.00
297.00
303.00
305.00
310.00
312.00
318.00
320.00
45.00
43.00
43.00
53.00
54.00
60.00
62.00
68.00
70.00
76.00
78.00
84.00
86.00
92.00
91.00
96.00
97.00
103.00
103.00
109.00
110.00
116.00
118.00
124.00
126.00
132.00
133.00
139.00
141.00
147.00
149.00
155.00
157.00
163.00
165.00
170.00
172.00
178.00
180.00
186.00
188.00
194.00
196.00
202.00
203.00
209.00
211.00
217.00
219.00
225.00
227.00
233.00
235.00
240.00
242.00
248.00
250.00
256.00
258.00
264.00
266.00
272.00
273.00
279.00
281.00
287.00
289.00
295.00
297.00
303.00
305.00
310.00
312.00
318.00
320.00
45.00
43.00
43.00
53.00
54.00
60.00
62.00
68.00
70.00
76.00
78.00
84.00
86.00
92.00
91.00
96.00
97.00
103.00
103.00
109.00
110.00
116.00
118.00
124.00
126.00
132.00
133.00
139.00
141.00
147.00
149.00
155.00
157.00
163.00
165.00
170.00
172.00
178.00
180.00
186.00
188.00
194.00
196.00
202.00
203.00
209.00
211.00
217.00
219.00
225.00
227.00
233.00
235.00
240.00
242.00
248.00
250.00
256.00
258.00
264.00
266.00
272.00
273.00
279.00
281.00
287.00
289.00
295.00
297.00
303.00
305.00
310.00
312.00
318.00
320.00
45.00
43.00
43.00
53.00
54.00
60.00
62.00
68.00
70.00
76.00
78.00
84.00
86.00
92.00
91.00
96.00
97.00
103.00
103.00
109.00
110.00
116.00
118.00
124.00
126.00
132.00
133.00
139.00
141.00
147.00
149.00
155.00
157.00
163.00
165.00
170.00
172.00
178.00
180.00
186.00
188.00
194.00
196.00
202.00
203.00
209.00
211.00
217.00
219.00
225.00
227.00
233.00
235.00
240.00
242.00
248.00
250.00
256.00
258.00
264.00
266.00
272.00
273.00
279.00
281.00
287.00
289.00
295.00
297.00
303.00
305.00
310.00
312.00
318.00
320.00
