55.00
54.00
52.00
50.00
49.00
47.00
45.00
44.00
43.00
43.00
43.00
43.00
43.00
81.00
80.00
78.00
76.00
75.00
61.00
59.00
58.00
56.00
54.00
53.00
51.00
49.00
48.00
46.00
44.00
43.00
83.00
82.00
80.00
78.00
77.00
75.00
50.00
49.00
47.00
45.00
44.00
43.00
43.00
43.00
83.00
82.00
80.00
78.00
77.00
75.00
58.00
57.00
55.00
53.00
52.00
50.00
48.00
47.00
45.00
43.00
43.00
82.00
81.00
79.00
77.00
76.00
74.00
55.00
54.00
52.00
50.00
49.00
47.00
45.00
44.00
43.00
43.00
82.00
81.00
55.00
54.00
52.00
50.00
49.00
47.00
45.00
44.00
43.00
43.00
43.00
43.00
43.00
81.00
80.00
78.00
76.00
75.00
61.00
59.00
58.00
56.00
54.00
53.00
51.00
49.00
48.00
46.00
44.00
43.00
83.00
82.00
80.00
78.00
77.00
75.00
50.00
49.00
47.00
45.00
44.00
43.00
43.00
43.00
83.00
82.00
80.00
78.00
77.00
75.00
58.00
57.00
55.00
53.00
52.00
50.00
48.00
47.00
45.00
43.00
43.00
82.00
81.00
79.00
77.00
76.00
74.00
55.00
54.00
52.00
50.00
49.00
47.00
45.00
44.00
43.00
43.00
82.00
81.00
55.00
54.00
52.00
50.00
49.00
47.00
45.00
44.00
43.00
43.00
43.00
43.00
43.00
81.00
80.00
78.00
76.00
75.00
61.00
59.00
58.00
56.00
54.00
53.00
51.00
49.00
48.00
46.00
44.00
43.00
83.00
82.00
80.00
78.00
77.00
75.00
50.00
49.00
47.00
45.00
44.00
43.00
43.00
43.00
83.00
82.00
80.00
78.00
77.00
75.00
58.00
57.00
55.00
53.00
52.00
50.00
48.00
47.00
45.00
43.00
43.00
82.00
81.00
79.00
77.00
76.00
74.00
55.00
54.00
52.00
50.00
49.00
47.00
45.00
44.00
43.00
43.00
82.00
81.00
55.00
54.00
52.00
50.00
49.00
47.00
45.00
44.00
43.00
43.00
43.00
43.00
43.00
81.00
80.00
78.00
76.00
75.00
61.00
59.00
58.00
56.00
54.00
53.00
51.00
49.00
48.00
46.00
44.00
43.00
83.00
82.00
80.00
78.00
77.00
75.00
50.00
49.00
47.00
45.00
44.00
43.00
43.00
43.00
83.00
82.00
80.00
78.00
77.00
75.00
58.00
57.00
55.00
53.00
52.00
50.00
48.00
47.00
45.00
43.00
43.00
82.00
81.00
79.00
77.00
76.00
74.00
55.00
54.00
52.00
50.00
49.00
47.00
45.00
44.00
43.00
43.00
82.00
81.00
55.00
54.00
52.00
50.00
49.00
47.00
45.00
44.00
43.00
43.00
43.00
43.00
43.00
81.00
80.00
78.00
76.00
75.00
61.00
59.00
58.00
56.00
54.00
53.00
51.00
49.00
48.00
46.00
44.00
43.00
83.00
82.00
80.00
78.00
77.00
75.00
50.00
49.00
47.00
45.00
44.00
43.00
43.00
43.00
83.00
82.00
80.00
78.00
77.00
75.00
58.00
57.00
55.00
53.00
52.00
50.00
48.00
47.00
45.00
43.00
43.00
82.00
81.00
79.00
77.00
76.00
74.00
55.00
54.00
52.00
50.00
49.00
47.00
45.00
44.00
43.00
43.00
82.00
81.00
55.00
54.00
52.00
50.00
49.00
47.00
45.00
44.00
43.00
43.00
43.00
43.00
43.00
81.00
80.00
78.00
76.00
75.00
61.00
59.00
58.00
56.00
54.00
53.00
51.00
49.00
48.00
46.00
44.00
43.00
83.00
82.00
80.00
78.00
77.00
75.00
50.00
49.00
47.00
45.00
44.00
43.00
43.00
43.00
83.00
82.00
80.00
78.00
77.00
75.00
58.00
57.00
55.00
53.00
52.00
50.00
48.00
47.00
45.00
43.00
43.00
82.00
81.00
79.00
77.00
76.00
74.00
55.00
54.00
52.00
50.00
49.00
47.00
45.00
44.00
43.00
43.00
82.00
81.00
55.00
54.00
52.00
50.00
49.00
47.00
45.00
44.00
43.00
43.00
43.00
43.00
43.00
81.00
80.00
78.00
76.00
75.00
61.00
59.00
58.00
56.00
54.00
53.00
51.00
49.00
48.00
46.00
44.00
43.00
83.00
82.00
80.00
78.00
77.00
75.00
50.00
49.00
47.00
45.00
44.00
43.00
43.00
43.00
83.00
82.00
80.00
78.00
77.00
75.00
58.00
57.00
55.00
53.00
52.00
50.00
48.00
47.00
45.00
43.00
43.00
82.00
81.00
79.00
77.00
76.00
74.00
55.00
54.00
52.00
50.00
49.00
47.00
45.00
44.00
43.00
43.00
82.00
81.00
55.00
54.00
52.00
50.00
49.00
47.00
45.00
44.00
43.00
43.00
43.00
43.00
43.00
81.00
80.00
78.00
76.00
75.00
61.00
59.00
58.00
56.00
54.00
53.00
51.00
49.00
48.00
46.00
44.00
43.00
83.00
82.00
80.00
78.00
77.00
75.00
50.00
49.00
47.00
45.00
44.00
43.00
43.00
43.00
83.00
82.00
80.00
78.00
77.00
75.00
58.00
57.00
55.00
53.00
52.00
50.00
48.00
47.00
45.00
43.00
43.00
82.00
81.00
79.00
77.00
76.00
74.00
55.00
54.00
52.00
50.00
49.00
47.00
45.00
44.00
43.00
43.00
82.00
81.00
55.00
54.00
52.00
50.00
49.00
47.00
45.00
44.00
43.00
43.00
43.00
43.00
43.00
81.00
80.00
78.00
76.00
75.00
61.00
59.00
58.00
56.00
54.00
53.00
51.00
49.00
48.00
46.00
44.00
43.00
83.00
82.00
80.00
78.00
77.00
75.00
50.00
49.00
47.00
45.00
44.00
43.00
43.00
43.00
83.00
82.00
80.00
78.00
77.00
75.00
58.00
57.00
55.00
53.00
52.00
50.00
48.00
47.00
45.00
43.00
43.00
82.00
81.00
79.00
77.00
76.00
74.00
55.00
54.00
52.00
50.00
49.00
47.00
45.00
44.00
43.00
43.00
82.00
81.00
55.00
54.00
52.00
50.00
49.00
47.00
45.00
44.00
43.00
43.00
43.00
43.00
43.00
81.00
80.00
78.00
76.00
75.00
61.00
59.00
58.00
56.00
54.00
53.00
51.00
49.00
48.00
46.00
44.00
43.00
83.00
82.00
80.00
78.00
77.00
75.00
50.00
49.00
47.00
45.00
44.00
43.00
43.00
43.00
83.00
82.00
80.00
78.00
77.00
75.00
58.00
57.00
55.00
53.00
52.00
50.00
48.00
47.00
45.00
43.00
43.00
82.00
81.00
79.00
77.00
76.00
74.00
55.00
54.00
52.00
50.00
49.00
47.00
45.00
44.00
43.00
43.00
82.00
81.00
55.00
54.00
52.00
50.00
49.00
47.00
45.00
44.00
43.00
43.00
43.00
43.00
43.00
81.00
80.00
78.00
76.00
75.00
61.00
59.00
58.00
56.00
54.00
53.00
51.00
49.00
48.00
46.00
44.00
43.00
83.00
82.00
80.00
78.00
77.00
75.00
50.00
49.00
47.00
45.00
44.00
43.00
43.00
43.00
83.00
82.00
80.00
78.00
77.00
75.00
58.00
57.00
55.00
53.00
52.00
50.00
48.00
47.00
45.00
43.00
43.00
82.00
81.00
79.00
77.00
76.00
74.00
55.00
54.00
52.00
50.00
49.00
47.00
45.00
44.00
43.00
43.00
82.00
81.00
55.00
54.00
52.00
50.00
49.00
47.00
45.00
44.00
43.00
43.00
43.00
43.00
43.00
81.00
80.00
78.00
76.00
75.00
61.00
59.00
58.00
56.00
54.00
53.00
51.00
49.00
48.00
46.00
44.00
43.00
83.00
82.00
80.00
78.00
77.00
75.00
50.00
49.00
47.00
45.00
44.00
43.00
43.00
43.00
83.00
82.00
80.00
78.00
77.00
75.00
58.00
57.00
55.00
53.00
52.00
50.00
48.00
47.00
45.00
43.00
43.00
82.00
81.00
79.00
77.00
76.00
74.00
55.00
54.00
52.00
50.00
49.00
47.00
45.00
44.00
43.00
43.00
82.00
81.00
55.00
54.00
52.00
50.00
49.00
47.00
45.00
44.00
43.00
43.00
43.00
43.00
43.00
81.00
80.00
78.00
76.00
75.00
61.00
59.00
58.00
56.00
54.00
53.00
51.00
49.00
48.00
46.00
44.00
43.00
83.00
82.00
80.00
78.00
77.00
75.00
50.00
49.00
47.00
45.00
44.00
43.00
43.00
43.00
83.00
82.00
80.00
78.00
77.00
75.00
58.00
57.00
55.00
53.00
52.00
50.00
48.00
47.00
45.00
43.00
43.00
82.00
81.00
79.00
77.00
76.00
74.00
55.00
54.00
52.00
50.00
49.00
47.00
45.00
44.00
43.00
43.00
82.00
81.00
55.00
54.00
52.00
50.00
49.00
47.00
45.00
44.00
43.00
43.00
43.00
43.00
43.00
81.00
80.00
78.00
76.00
75.00
61.00
59.00
58.00
56.00
54.00
53.00
51.00
49.00
48.00
46.00
44.00
43.00
83.00
82.00
80.00
78.00
77.00
75.00
50.00
49.00
47.00
45.00
44.00
43.00
43.00
43.00
83.00
82.00
80.00
78.00
77.00
75.00
58.00
57.00
55.00
53.00
52.00
50.00
48.00
47.00
45.00
43.00
43.00
82.00
81.00
79.00
77.00
76.00
74.00
55.00
54.00
52.00
50.00
49.00
47.00
45.00
44.00
43.00
43.00
82.00
81.00
55.00
54.00
52.00
50.00
49.00
47.00
45.00
44.00
43.00
43.00
43.00
43.00
43.00
81.00
80.00
78.00
76.00
75.00
61.00
59.00
58.00
56.00
54.00
53.00
51.00
49.00
48.00
46.00
44.00
43.00
83.00
82.00
80.00
78.00
77.00
75.00
50.00
49.00
47.00
45.00
44.00
43.00
43.00
43.00
83.00
82.00
80.00
78.00
77.00
75.00
58.00
57.00
55.00
53.00
52.00
50.00
48.00
47.00
45.00
43.00
43.00
82.00
81.00
79.00
77.00
76.00
74.00
55.00
54.00
52.00
50.00
49.00
47.00
45.00
44.00
43.00
43.00
82.00
81.00
