43.00
43.00
43.00
43.00
54.00
56.00
62.00
64.00
70.00
72.00
78.00
80.00
86.00
88.00
92.00
94.00
99.00
99.00
105.00
105.00
111.00
113.00
119.00
119.00
125.00
127.00
133.00
133.00
139.00
141.00
147.00
147.00
153.00
155.00
161.00
161.00
167.00
169.00
175.00
175.00
181.00
183.00
189.00
189.00
195.00
197.00
203.00
203.00
209.00
211.00
217.00
217.00
223.00
225.00
231.00
231.00
237.00
239.00
245.00
245.00
251.00
253.00
259.00
259.00
265.00
267.00
273.00
273.00
279.00
281.00
287.00
287.00
293.00
295.00
301.00
301.00
304.00
302.00
300.00
296.00
