3.00
3.00
3.00
7.50
7.50
7.50
12.00
0.00
0.00
3.00
3.00
3.00
7.50
7.50
7.50
12.00
12.00
16.50
16.50
16.50
21.00
21.00
21.00
21.00
21.00
21.00
21.00
21.00
21.00
21.00
21.00
21.00
21.00
21.00
21.00
25.51
25.51
30.01
30.01
30.01
34.51
34.51
34.51
39.01
39.01
43.51
43.51
43.51
48.01
48.01
0.00
0.00
2.35
2.35
2.35
6.85
6.85
6.85
11.35
11.35
15.85
15.85
15.85
20.35
20.35
20.35
24.85
24.85
24.85
24.85
24.85
24.85
24.85
24.85
24.85
24.85
24.85
24.85
24.85
24.85
24.85
24.85
24.85
24.85
24.85
24.85
24.85
24.85
24.85
24.85
0.00
0.00
2.35
2.35
2.35
6.85
6.85
6.85
11.35
11.35
15.85
15.85
15.85
20.35
20.35
20.35
24.85
24.85
24.85
24.85
24.85
24.85
24.85
24.85
24.85
24.85
24.85
24.85
24.85
24.85
24.85
24.85
24.85
29.36
29.36
29.36
33.86
33.86
33.86
38.36
38.36
42.86
42.86
42.86
47.36
0.00
3.00
3.00
3.00
7.50
7.50
7.50
12.00
12.00
16.50
16.50
16.50
21.00
21.00
21.00
25.51
25.51
25.51
25.51
25.51
25.51
25.51
25.51
25.51
25.51
25.51
25.51
25.51
25.51
25.51
25.51
25.51
25.51
25.51
30.01
30.01
30.01
34.51
34.51
34.51
39.01
0.00
0.00
3.00
3.00
3.00
7.50
7.50
7.50
7.50
7.50
7.50
7.50
7.50
7.50
7.50
7.50
7.50
7.50
7.50
7.50
7.50
7.50
7.50
7.50
7.50
7.50
7.50
7.50
7.50
7.50
7.50
7.50
7.50
7.50
7.50
0.00
