3.00
3.00
3.00
7.50
7.50
7.50
12.00
12.00
16.50
0.00
3.00
3.00
3.00
7.50
7.50
7.50
12.00
12.00
16.50
16.50
16.50
21.00
21.00
21.00
25.51
25.51
25.51
25.51
25.51
25.51
25.51
25.51
25.51
25.51
25.51
25.51
25.51
30.01
30.01
30.01
34.51
34.51
34.51
39.01
39.01
43.51
43.51
43.51
48.01
48.01
48.01
52.51
52.51
57.01
0.00
3.00
3.00
3.00
7.50
7.50
7.50
12.00
12.00
16.50
16.50
16.50
21.00
21.00
21.00
25.51
25.51
25.51
25.51
25.51
25.51
25.51
25.51
25.51
25.51
25.51
25.51
25.51
25.51
25.51
25.51
25.51
25.51
25.51
25.51
25.51
25.51
25.51
30.01
0.00
3.00
3.00
3.00
7.50
7.50
7.50
12.00
12.00
16.50
16.50
16.50
21.00
21.00
21.00
21.00
21.00
21.00
21.00
21.00
21.00
21.00
21.00
21.00
21.00
21.00
21.00
21.00
21.00
21.00
21.00
21.00
25.51
25.51
30.01
30.01
30.01
34.51
34.51
0.00
0.00
3.00
3.00
3.00
7.50
7.50
7.50
12.00
12.00
16.50
16.50
16.50
21.00
21.00
21.00
21.00
21.00
21.00
21.00
21.00
21.00
21.00
21.00
21.00
21.00
21.00
21.00
21.00
21.00
21.00
21.00
21.00
21.00
21.00
21.00
21.00
25.51
0.00
0.00
2.35
2.35
2.35
2.35
2.35
2.35
2.35
2.35
2.35
2.35
2.35
2.35
2.35
2.35
2.35
2.35
2.35
2.35
2.35
2.35
2.35
2.35
2.35
2.35
2.35
2.35
2.35
2.35
2.35
2.35
2.35
2.35
2.35
